1404384219660292096
1404005119644663839
1402836841992032379
1401883450784354448
1400273813945712774
1396990404762800268
1396439649379156012
1396028271832858684
1395795695256080514
1395076213038645303
1394591304939208714
1393748570221318266
1393565711540158575
1393360956700233759
1393243906723938325
1392902916553052202
1392762337118654607
1392409655300460627
1391970110696063009
1391912825349345412
1391753938302144522
1391510178276315136
1390133822917705749
1389715742194274448
1389687566139396126
1389657996082151536
1388906931283820657
1387259121476046971
1386652968417230858
1386594861913735210
1385348718278213732
1383984996435361844
1383841222962970624
1381957150498226188
1381812851198656723
1380511356058599487
1380178116218982420
1380165044486144012
1378889210634965034
1377506412065849415
1376214998199832718
1375562305722519653
1375396009051553862
1374791313375100980
1372226665576665088
1371901687815606453
1366899650887548989
1366662924978098246
1366566955699540052
1364113631289282600
1363368926410576002
1360034343778521230
1357074182894125320
1354348533813346465
1353798229061537813
1352753046941335572
1347382505065414737
1347182840185618504
1346468398388740157
1346254901675561056
1343583149568950303
1335512450308767818
1332004803093598281
1330739630668124237
1330245747941179445
1325002593037979739
1319436418472345721
1295533791045091380
1290301671687323784
1288340923624849509
1287433882324701315
1277795943256821801
1277144150076293216
1274962677294174261
1274035607697358850
1272619705550508157
1272617246916743313
1271197329030119479
1257195319909810237
1255733766727401633
1254996762247041034
1253094583793877077
1249997072883650634
1248169475912499323
1247989695590436965
1246823433535488083
1244743073628426323
1243897579511611485
1239359195032322111
1238516083909197896
1234617711493906503
1225577800912736388
1220794062420967586
1215009217128177735
1213238759470923807
1200350084831924346
1200159306687991919
1184930868339413143
1184680825057464363
1181733945092624477
1167545723907231806
1162515399502483497
1159642733133185054
1155211151567761438
1146668961203753020
1110632053654954075
1106480859193802775
1103665311858839632
1101164130787930162
1100708620401909812
1092540474209861662
1090070176331989052
1085804699543949383
1072293084588679268
1062413833626468362
1061275063590068255
1047277297146793997
1046088213955096586
1045814464332709899
1044667581954527233
1036655700702666832
1036654670531276881
1034994928796844142
1023287170817081386
1008338823220047893
998555609945354322
991676493514162326
982751421176877086
980967597434634260
972783413692080188
957357219412860970
955596718785826846
944771639583854613
931986586638381187
909539866994430052
909112401243291709
894383933179961445
886383727272411156
880915968212217888
868781861227335701
865628622844330004
861555323794096129
861260970936893440
845275393623326750
844570079958138886
825460005708234812
804247725733707817
800244929767014421
799437287581679626
798989483205984278
797019001632980992
793941682583502880
788934765197000715
786881581150765076
768919808807927838
759176249368903681
755431572043464814
737118471611088896
725539467582242838
724157346053619723
715920666511015958
712750736345268246
695063614805245964
685692647448510485
679726623880118296
492023498802331649
410936162492874752
395416667657863188
393673363341574144
304050569134342154
1388157984248692937
1402902826149089310
1188935901699637271
1217293356577722459
326329044213956619
1373516376584749138
698410260578173030
1403535005111554128
456257579635441695
1356861831096045629
877905412811280455
1366426724790697984
1310414430198173778
1356304121791250503
1085838335307690004
1375884976956112916
1254966470195150959
868003086931726397
1389972722234429541
1358739034628816999
678344927997853742
408785106942164992
513423712582762502
472911936951156740
422087909634736160
735147814878969968
432610292342587392
1392956943219298465
411916947773587456
720351927581278219
1314998437728485396
356268235697553409
1172916715617783899
1379476803986657412
994992483664662578
1333338806950297640
1353005811374231696
269283269252481024
1333513164091822131
1378775702467252364
1369228017079160902
736688888537677927
1228050588793835560
1233837367232696460
1385547161269440573
1361989184365002774
904775316386480179
574652751745777665
155149108183695360
476259371912003597
655390915325591629
1393396381707669615
270904126974590976
235148962103951360
115385224119975941
972713362448347176